0,428
0,427
0,426
0,425
0,424
0,423
0,422
0,421
0,420
32,5
32,4
32,3
32,2
0,419
32,1
32,0
0,418
0,417
0,416
0,415
0,414
0,413
0,412
31,5
31,4
31,3
31,2
0,411
31,1
31,0
0,410
0,409
0,408
0,407
0,406
0,405
0,404
0,403
0,402
0,401
30,5
30,4
30,3
30,2
0,400
30,1
30,0
0,399
0,398
0,397
29,5
29,4
29,3
29,2
29,1
29,0
0,396
0,395
0,394
0,393
0,392
0,391
28,5
28,4
28,3
28,2
28,1
28,0
0,390
0,278
0,389
0,388
0,387
0,386
0,385
27,5
27,4
27,3
27,2
0,384
27,1
27,0
0,319
0,318
26,5
0,317
0,316
26,4
26,3
26,2
26,1
26,0
23,35
0,283
25,3
25,2
25,1
25,0
24,3
24,2
0,9
24,1
24,0
3,2
10,127
10,195
10,101
10,159
10,2
10,3
11,16
11,18
11,13
11,2
11,3
9,5
9,2
9,3
8,11
8,7
8,4
8,10
8,2
8,3
12,2
12,1
12,3
11,30
11,29
11,28
11,27
11,26
11,25
11,24
